CAN ID,DATA[0],DATA[1],DATA[2],DATA[3],DATA[4],DATA[5],DATA[6],DATA[7]
790,5,34,104,9,34,32,0,117
790,5,34,104,9,34,32,0,117
790,5,34,108,9,34,32,0,117
790,5,34,108,9,34,32,0,117
790,5,34,108,9,34,32,0,117
790,5,34,108,9,34,32,0,117
790,5,34,108,9,34,32,0,117
790,5,34,104,9,34,32,0,117
790,5,34,104,9,34,32,0,117
790,5,34,104,9,34,32,0,117
790,5,34,104,9,34,32,0,117
790,5,34,104,9,34,32,0,117
790,5,34,104,9,34,32,0,117
790,5,34,104,9,34,32,0,117
790,5,34,104,9,34,32,0,117
790,5,34,104,9,34,32,0,117
790,5,34,104,9,34,32,0,117
790,5,34,96,9,34,32,0,117
790,5,34,96,9,34,32,0,117
790,5,34,96,9,34,32,0,117
790,5,34,96,9,34,32,0,117
790,5,34,96,9,34,32,0,117
790,5,34,108,9,34,32,0,117
790,5,34,108,9,34,32,0,117
790,5,34,108,9,34,32,0,117
790,5,34,108,9,34,32,0,117
790,5,34,108,9,34,32,0,117
790,5,34,116,9,34,32,0,117
790,5,34,116,9,34,32,0,117
790,5,34,116,9,34,32,0,117
790,5,34,116,9,34,32,0,117
790,5,34,116,9,34,32,0,117
790,5,34,112,9,34,32,0,117
790,5,34,112,9,34,32,0,117
790,5,34,112,9,34,32,0,117
790,5,34,112,9,34,32,0,117
790,5,34,112,9,34,32,0,117
790,5,34,104,9,34,32,0,117
790,5,34,104,9,34,32,0,117
790,5,34,104,9,34,32,0,117
790,5,34,104,9,34,32,0,117
790,5,34,104,9,34,32,0,117
790,5,34,112,9,34,32,0,117
790,5,34,112,9,34,32,0,117
790,5,34,112,9,34,32,0,117
790,5,34,112,9,34,32,0,117
790,5,34,112,9,34,32,0,117
790,5,34,104,9,34,32,0,117
790,5,34,104,9,34,32,0,117
790,5,34,104,9,34,32,0,117
790,5,34,104,9,34,32,0,117
790,5,34,104,9,34,32,0,117
790,5,34,104,9,34,32,0,117
790,5,34,104,9,34,32,0,117
790,5,34,104,9,34,32,0,117
790,5,34,104,9,34,32,0,117
790,5,34,104,9,34,32,0,117
790,5,34,100,9,34,32,0,117
790,5,34,100,9,34,32,0,117
790,5,34,100,9,34,32,0,117
790,5,34,100,9,34,32,0,117
790,5,34,100,9,34,32,0,117
790,5,34,108,9,34,32,0,117
790,5,34,108,9,34,32,0,117
790,5,34,108,9,34,32,0,117
790,5,34,108,9,34,32,0,117
790,5,34,108,9,34,32,0,117
790,5,34,104,9,34,32,0,117
790,5,34,104,9,34,32,0,117
790,5,34,104,9,34,32,0,117
790,5,34,104,9,34,32,0,117
790,5,34,104,9,34,32,0,117
790,5,34,108,9,34,32,0,117
790,5,34,108,9,34,32,0,117
790,5,34,108,9,34,32,0,117
790,5,34,108,9,34,32,0,117
790,5,34,108,9,34,32,0,117
790,5,34,104,9,34,32,0,117
790,5,34,104,9,34,32,0,117
790,5,34,104,9,34,32,0,117
790,5,34,104,9,34,32,0,117
790,5,34,104,9,34,32,0,117
790,5,34,112,9,34,32,0,117
790,5,34,112,9,34,32,0,117
790,5,34,112,9,34,32,0,117
